SetDesc: HERAPDF
Authors: ...
Reference: ...
Format: lhagrid1
DataVersion: 1
NumMembers: 3
Flavors: [-5, -4, -3, -2, -1, 1, 2, 3, 4, 5, 21]
OrderQCD: 1
FlavorScheme: variable
ErrorType: hessian
XMin: 9.9e-07
XMax: 1
QMin: 1
QMax: 14317.8
MZ: 91.1876
MUp: 0
MDown: 0
MStrange: 0
MCharm: 1.47
MBottom: 4.5
MTop: 173
AlphaS_MZ: 0.118
AlphaS_OrderQCD: 1
AlphaS_Type: ipol
AlphaS_Qs: [1, 1.11291, 1.23856, 1.3784, 1.42347, 1.47, 1.55044, 1.63528, 1.72477, 1.81915, 1.9187, 2.02369, 2.13443, 2.25123, 2.37442, 2.50436, 2.6414, 2.78594, 2.93839, 3.09918, 3.26878, 3.44765, 3.63631, 3.8353, 4.04517, 4.26653, 4.5, 4.83379, 5.19234, 5.57748, 5.99119, 6.43559, 6.91295, 7.42572, 7.97653, 8.56819, 9.20374, 9.88643, 10.6198, 11.4075, 12.2536, 13.1626, 14.1389, 15.1876, 16.3142, 17.5243, 18.8242, 20.2205, 21.7203, 23.3314, 25.062, 26.921, 28.9179, 31.0629, 33.367, 35.842, 38.5006, 41.3564, 44.424, 47.7192, 51.2588, 55.0609, 59.1451, 63.5322, 68.2447, 73.3068, 78.7443, 84.5852, 90.8593, 97.5989, 104.838, 112.615, 120.968, 129.941, 139.579, 149.932, 161.054, 173, 192.674, 214.585, 238.988, 266.165, 296.434, 330.145, 367.689, 409.503, 456.072, 507.937, 565.7, 630.032, 701.68, 781.475, 870.345, 969.322, 1079.55, 1202.32, 1339.05, 1491.33, 1660.92, 1849.81, 2060.17, 2294.45, 2555.38, 2845.98, 3169.62, 3530.08, 3931.52, 4378.62, 4876.56, 5431.12, 6048.76, 6736.63, 7502.72, 8355.94, 9306.18, 10364.5, 11543.1, 12855.8, 14317.8]
AlphaS_Vals: [0.451695, 0.415856, 0.385709, 0.35995, 0.352917, 0.346173, 0.336563, 0.327507, 0.318957, 0.310869, 0.303206, 0.295935, 0.289025, 0.282448, 0.276182, 0.270203, 0.264491, 0.259029, 0.2538, 0.248788, 0.243981, 0.239366, 0.23493, 0.230664, 0.226558, 0.222602, 0.218788, 0.214338, 0.210072, 0.205979, 0.202048, 0.198269, 0.194634, 0.191135, 0.187763, 0.184512, 0.181376, 0.178348, 0.175423, 0.172594, 0.169859, 0.167212, 0.164648, 0.162164, 0.159756, 0.15742, 0.155154, 0.152954, 0.150817, 0.148741, 0.146723, 0.14476, 0.14285, 0.140992, 0.139182, 0.137419, 0.135702, 0.134028, 0.132396, 0.130804, 0.129251, 0.127735, 0.126255, 0.12481, 0.123399, 0.122019, 0.120671, 0.119353, 0.118064, 0.116803, 0.11557, 0.114363, 0.113181, 0.112024, 0.110891, 0.109781, 0.108694, 0.107628, 0.106213, 0.104835, 0.103493, 0.102185, 0.100911, 0.0996683, 0.0984563, 0.0972739, 0.0961199, 0.0949933, 0.0938932, 0.0928186, 0.0917686, 0.0907424, 0.0897392, 0.0887582, 0.0877987, 0.08686, 0.0859414, 0.0850423, 0.0841619, 0.0832999, 0.0824555, 0.0816283, 0.0808177, 0.0800232, 0.0792444, 0.0784807, 0.0777318, 0.0769972, 0.0762765, 0.0755693, 0.0748752, 0.074194, 0.0735251, 0.0728683, 0.0722232, 0.0715896, 0.0709672, 0.0703555, 0.0697544]
