SetDesc: HERAPDF
Authors: ...
Reference: ...
Format: lhagrid1
DataVersion: 1
NumMembers: 1
Flavors: [-5, -4, -3, -2, -1, 1, 2, 3, 4, 5, 21]
OrderQCD: 1
FlavorScheme: variable
ErrorType: hessian
XMin: 9.9e-07
XMax: 1
QMin: 1
QMax: 14317.8
MZ: 91.1876
MUp: 0
MDown: 0
MStrange: 0
MCharm: 1.47
MBottom: 4.75
MTop: 173
AlphaS_MZ: 0.118
AlphaS_OrderQCD: 1
AlphaS_Type: ipol
AlphaS_Qs: [1, 1.11291, 1.23856, 1.3784, 1.42347, 1.47, 1.5505, 1.6354, 1.72495, 1.81941, 1.91904, 2.02413, 2.13497, 2.25188, 2.37519, 2.50526, 2.64244, 2.78714, 2.93976, 3.10074, 3.27054, 3.44963, 3.63853, 3.83778, 4.04793, 4.26959, 4.5034, 4.75, 5.10412, 5.48463, 5.89352, 6.33289, 6.80501, 7.31233, 7.85747, 8.44326, 9.07271, 9.74909, 10.4759, 11.2569, 12.0961, 12.9979, 13.9669, 15.0081, 16.127, 17.3293, 18.6212, 20.0094, 21.5011, 23.1041, 24.8265, 26.6774, 28.6662, 30.8033, 33.0997, 35.5673, 38.2189, 41.0681, 44.1298, 47.4197, 50.9549, 54.7537, 58.8356, 63.2219, 67.9351, 72.9998, 78.442, 84.2899, 90.5738, 97.3262, 104.582, 112.379, 120.757, 129.759, 139.433, 149.828, 160.997, 173, 192.674, 214.585, 238.988, 266.165, 296.434, 330.145, 367.689, 409.503, 456.072, 507.937, 565.7, 630.032, 701.68, 781.475, 870.345, 969.322, 1079.55, 1202.32, 1339.05, 1491.33, 1660.92, 1849.81, 2060.17, 2294.45, 2555.38, 2845.98, 3169.62, 3530.08, 3931.52, 4378.62, 4876.56, 5431.12, 6048.76, 6736.63, 7502.72, 8355.94, 9306.18, 10364.5, 11543.1, 12855.8, 14317.8]
AlphaS_Vals: [0.453428, 0.4173, 0.386934, 0.361004, 0.353926, 0.347142, 0.337469, 0.328355, 0.319752, 0.311617, 0.30391, 0.296599, 0.289651, 0.283041, 0.276742, 0.270734, 0.264995, 0.259507, 0.254255, 0.249221, 0.244394, 0.239759, 0.235305, 0.231022, 0.2269, 0.222929, 0.219101, 0.215408, 0.211077, 0.206924, 0.202937, 0.199106, 0.195422, 0.191876, 0.188462, 0.18517, 0.181996, 0.178932, 0.175972, 0.173113, 0.170347, 0.167671, 0.165081, 0.162571, 0.160139, 0.157781, 0.155493, 0.153273, 0.151116, 0.149022, 0.146986, 0.145006, 0.143081, 0.141207, 0.139383, 0.137607, 0.135876, 0.13419, 0.132546, 0.130943, 0.129379, 0.127852, 0.126363, 0.124908, 0.123487, 0.122099, 0.120743, 0.119417, 0.11812, 0.116852, 0.115612, 0.114398, 0.11321, 0.112046, 0.110907, 0.109792, 0.108699, 0.107628, 0.106213, 0.104835, 0.103493, 0.102185, 0.100911, 0.0996683, 0.0984563, 0.0972739, 0.0961199, 0.0949933, 0.0938932, 0.0928186, 0.0917686, 0.0907424, 0.0897392, 0.0887582, 0.0877987, 0.08686, 0.0859414, 0.0850423, 0.0841619, 0.0832999, 0.0824555, 0.0816283, 0.0808177, 0.0800232, 0.0792444, 0.0784807, 0.0777318, 0.0769972, 0.0762765, 0.0755693, 0.0748752, 0.074194, 0.0735251, 0.0728683, 0.0722232, 0.0715896, 0.0709672, 0.0703555, 0.0697544]
